10100010010101000110100101011101
11001011100010000000101011010001
01001000011100010110011101001010
01000110000011101011010011011101
01101101100000010001111010001100
11000011111111001100110000110000
01100000001011010111011110111011
00110001110000010000001111110110
00110011111011100011100100011000
10100011110001011110001111100111
10111000110111111001000111110110
01001101001010001110010011111011
00000010011100111001001101101101
00101110101010011011111100111101
00001001100001000001100110001100
01111110001000111000101001001101
00000010101010000100110010110100
10000110110111111100111110010100
10101101101110100000010100010110
10010000010011111010001001001101
01000111010000111000111101010101
01011000110101000111010000010101
00010010001011000110110101101000
00101110101001010110101110111010
10101001010101010100110001001000
11010111010111010100100101001101
11010010010110001010100011010010
11001100110011011110110100110011
01011101000010110110100001010010
00111101101111100011011010011111
10100110101001100010001100010011
01111010111011000011100000110101
10101110100100001000011010001010
10101101001111000101010000011101
11100011100101110011011011100001
01111011010101010011010101110100
10010011111110111000000011000111
11001001000111101011011110101000
00010011111000010110000001010101
00101000011010000111010010011110
01101101101101100110100111100111
10111000101111000011100100110010
10011101000010111111100110001101
00110010110010010101111010101111
01101001011101000110010110100110
10011111010010100110110001100011
00111000000100011010000110011111
10100000010010010001011110110011
00101000000110010011110011011110
01000101010110111111110111011010
10110111110100101101010010101001
11110001010111000001111001110110
00111111111111000100101110110000
11010010110000100101100000000010
10010111000001000010110000001111
11101110111010010000000110101000
01010010011011110110000101010000
11100110001011111000111000001110
10010001110111101001101001110100
11000011010000101011111110111110
00011100000000001010010100000110
00010000011111101000011001001100
11010111001001011001011000010100
00011111101001100111111110001101
00111010100101110001000111111011
10101101100110011111001000110110
01001010011011011010110001011010
11100111000100000010100000010110
01100011101011110001010001101111
01001100101100001011111100111010
11100010100011110000110001101001
10001011111110000110001011101100
00110000110111010000100100101000
01000101000010000000100010001101
10100011011011101111100011110011
11111110000110100001111100001101
01110000100011001001000011111010
11000111110100011001110011010101
10111111101100110011100010111111
01110001110010111101101000011001
10101110010000100011101001100010
10100011101100100001100000011111
01100100010101010000110001111011
01101010010111000110010100011000
01111011011100000110001001001001
01101010011111010110111010011000
11111111000100011100010100100100
00001100100010001100011010100001
00100000101000000010100000000010
11100110101110011111101110010101
10100110010001110110101011111011
11101101111001001010110001000011
00111000001011111100101100100111
01100010011000000010001100100100
11110001011111001011010110100001
00000110100011011100000110111111
11000101001010010011011010100001
11010010000110001101110000110010
00010110010100010010100110010111
00110010000110110101001111100000
01111100100001011010010110011111
00001001100000011100111101110010
10110110010101000000001011100100
11101111100001111100010011100011
01010100111110010001011001011110
10010011110011001110111101101111
01110100101110001010011001110111
11100110010000000110111001001010
01101001101011011101101111001010
00011111010101110000111011001010
10101111010101111110100000001010
10010100111011011111000001001001
11111100000110111000110010111001
11111100011010111011001011101001
11001010100110100101011101010101
10100110110101110101111010100001
11101101011010101000010111011110
11110111011100110010010000000110
10010101001011001100101100111100
10001010011010101101100001101010
11110010001001010001001011011001
00000010110011111101110101110110
10011011010011110110001000000110
11111010100001000010100001110110
10110000011011100010000110100011
10100011010110011000110000100110
10001110100001000101010010110000
11101110100011101001001101110111
00111001101111011010100010001000
01111000000000001111110011101001
00111010001111001000010000100101
11001110110000010000110101111100
11001010111101001101001000111001
01001100010111001100101110001101
01110011101000011011100110000100
00011010010100001010101111111001
00001100010001001010110011111100
00100000101010011001111001101101
10100111111100110111110111110011
00111111100110001100101101001000
00111010110001110100110000110000
11100101110101010101001110000001
00000010000111010100100010001101
10101100010010000100111111100111
10100111000100100011000011001011
11101101001110010010000011100001
00001111111010000100000000110010
11010000010001111101111010010000
00101011100101000111110111111111
00000101100010101101010111011011
11110111011010100110111110111101
00111100100001010111100011100110
01000110011100110111011101110001
01001001011011111110100011100010
00100111100100101101011100010011
11001100111111100011010111010011
10101010000111111000111001110111
10001101011110001111101100100001
11100010100110001110110010010111
01111000111100000110011101111110
01101000011101000101000110010110
00000000110101000011100110110101
11100000001000111011001010000100
11111100011101011110010001100101
01111001011001010110111111010001
01111010001001000111110111001111
11111100000001010110000010110111
00110000111100101000101011010010
11010110101110101011000011010101
10010010001011100100110101111110
00100001011111110000010010011111
10000011100011000011000110110101
01110110110110100100111001100100
00110000001111010110000110011011
10010101101011100010010101010100
00100000011010000001100000001110
01011101001100100010101101001000
01001010100111111110111100010001
10111100100011100111000110110101
11110101010000001011111110011000
10010111011110010010101001111100
01100111011100100110101100100000
10010010100011010101100111011001
00011101001100100101101001100111
10001011100100000101100010001110
01101011000010101000111110111011
01010011010000101010000010101110
01110010000111011010010001111101
10110100001100001110100011110110
00000000110000110001001100001011
00011111110010101100111000110111
00011010110110101111001001011101
10010001011010101110101011001100
11001001010111101110110010100001
01010010101100011010010011001000
11001111010110011000100010001001
01011111101011001101110011011011
11001111101001011110000011111000
10010010001000000101110000001000
11111010011011010100001011001010
11110011000000111111100110001010
00100011011110111110010010011000
11000110001000100001000101010010
00000000001010101011011011100100
01111100110110001010001100000010
01100110010000000000111000100110
11111100000101010010101101000110
00000011110000010101100001000001
00010010111011111100000100000110
01001000110011101010101000100001
01101101110011010101000000011000
10000000110010110010100001101001
00100011001011111001111000101001
01100001010010101100001010000110
11010010111101010000110011011000
10010110010101110110000010101111
01011001011011111110011001100000
10111111010000101110110101101111
11110010110111001110000110011001
11000001001100011001001011111000
00101010100100001001111100110010
01111111101110010000111110000011
00111011111100000100000111100100
01000001011011000011010101110100
11101101110001011100111001100110
10100000001110100000011000100000
01100111101101101111101110100001
01011111111011010101001101011110
01011101000011101100100011001110
11110110111111100011011010100101
00110100100010001011001100100110
10101110010001001010101000010000
01110001011100000011010001100100
11100101001010111110011100010101
01111101101100101010001000110010
10100101010000010010100110100001
00010110101101100100111010010000
00110100011111000011010011000000
11100111100101010010000101011111
01011110110110100101010101000110
01011100001100000011100111010110
11101100101100011101000000101110
00011000010110100010100101111011
10001100001011010010110100100011
00111000110011100110101001111011
00011100010011100101100011010010
11100011011111101001101111110010
10010001111111010100100110110001
00110111110001110100100101100010
10110010111000010101111110000101
01010111110100100010101110000001
00011101001000001110001011010101
00101011010100001100010110110110
00001111000001100000011010011101
10100100111101111111011101100000
10010011010101110101000000111011
01011000110111110110111101000111
10100111001000000001111010010011
11001011110101011010101000010001
01101011101110110011001101110100
10001001001010010000010110100011
11101110110101110110010001000001
01000100000011111011111100010110
00111100111100100010011111111010
10100110011110100000101001000000
10110111110111110001001000011011
11001000110101001000110100101101
01110111110001010101011011110000
01101111100001100001011110000011
11011011010111101111111001111100
11111111101001000010000111111011
01011011110001110000100000010001
01011000010000010111101010000010
00010111111000100001110101111010
11110111100001110010011001000110
01011111011111101110100110111010
11010100011111011001011110100010
10000111000001011101000001101010
10101110111000000010010111100100
11100011100011000100001100011001
10101010000110001101000001101011
10100100100101010111001001110100
10110101100000011001001100010100
11001111000111110111111010000111
10001101010110011010100101011101
10010101001011011101000001110010
10100100000001011100100010001111
11001010110011111000000111000010
10111110111111010011111101110000
10101001100100111100101001110011
00001001101011000100101010000100
00001010011110100111011111111101
11111100110000001010001010001100
10010000001000100011000010001101
11100111010001111110010011011000
11100001101111010100001010000111
00110011011001001001101111000101
10101110101111010011110010000100
11111101111111010011011010011001
10110110101011011010100000011011
01010110101101100010100000110100
10111110001001000011111111001000
10100101010001111011010011000111
00101011111110010100111100111100
01011100000101011000011011000011
01010001110100000110100101010000
10010001100101001101010111001011
11010100001100011101011101101110
10100010110111111111010000011100
10011100101011000010100001000011
11111110100111010010110011110110
00011101110000101010111101001001
01011010110001110011000110110101
11111100110010001000101110111100
11100000001011111011011010000000
00001000010101011101001010101011
10010100111111010111001010001111
11101010011001101010001011011110
01111101100000000010001111111110
01101110010011001100001010111110
01100110101011111000001010010101
11110110111110101101010101001100
11010010000000100010010001100001
10010110110000001001100011010100
11110100010011010001101111110011
01001110001100010111110101111010
10010001101101001110101101101010
10111110011000011000100011100111
11001000100110111001110001111000
01110111100011111000111111101011
00100001010111010001101111100001
10110110100010101101110100101000
01010011110110000001001000010010
11111110101101101110101111000101
01011010001100011111100110000110
10101111101001011100100100110010
00011010011100000011110010000111
00011100110101011100111000101110
00110100010110100101010000100110
01010100010111011010111101011100
11111101000011110101110001101010
10110011001010101110110110110111
00001110101011011111011011000011
10111001110110001111101110110100
00011001000100111010010010011001
10100010101110000000000011010010
01110010100100011001100101011001
10101100101100011101001101010010
11111100001001001000101111000111
01011101101111000111000000000100
11010110000010001010011001010110
01011100001001001011101110111110
01010110110000010000111011010001
10100001111100001100101001101111
01111100011000001000011000000011
10010011010100010111010000101000
00001001010000011101010010011100
10010111101101111110111100100011
01001001100001000001110010011110
10101111101000101110110011100000
00100001100001110111111101000011
10001000000110101001001101100001
10010001110000110000001111110100
11010000000111000010101011000101
11100011101111010110101001110011
10000001011010101011101101000101
11101000110001010111101001101000
10100010110010011100000100000110
01110000010010111001100011101011
01010010011001100111001010111100
00001111101100111110000001111111
01100000101100011101101110100011
01100010011111001001010101111100
00000110000111110110111010111110
11010000000100110101101000011001
01111010000111100010100000111011
01100101000011000000010100101110
01110010001001110000110010110000
10011100111010010110010010000010
10011010001111011001001111100100
10111110111010010101001010110110
11110000111010011101111110011111
00101110010000011011101100011101
11110101100111001100000100011010
10101010101110110100001010111000
00110100101011000111011011110100
10101110101001101101101001100100
00011100100000000011101111110001
10010110111100100111111010001111
01000110100001011010000010111011
01101011111010000111001101000011
11001010110001011011001110110101
11110100100100110010000101000011
00001100101011111001111110110101
01011001110001100111101110100000
11000110011110001001010010011010
01111111010111110011111010010101
01100010110010100011011110101110
10110011110110100000001111110011
00001001001000011011011111101101
10000010001111110111010111100101
10101111111011100101111101100001
01101001111011011111001001011111
01000101111011001100101111000100
10011011110100010110110110001111
00100100100111000011111011000110
00101010111110101111110110110001
11010000011010110100110010101000
01000101111010000010111110010001
01100110000110010011010110001110
00000111000100010000101111011000
11001111101101011101001110111100
01101000001011011010000110011001
01101000101100011100011001000110
11101000010100000000001011010111
10010100110001110001011001101110
11000101110111000101100110011111
10111011101010101011110111110011
01111010100100001100010001001100
11010110001111110100111000000101
01011001010101101101000000101100
00101010011101100000101100110111
00001010001100110000100111001000
10001100000001101111101110101010
01100100101111111110111011100101
10001000101000000100110100111010
00110000101110100010010010101000
11010110100111001100001110001100
00001111011110100011011010000101
00110101111100000101100011101001
11110001111101111010100011100111
10100101010010001001110010011000
11100100101000110101000101011101
00010011111111011110011001101110
10011011001111001010011101110100
11111111011100000001000111111111
10001011001001101110110001000010
01011000010100100011011010000001
01111100010001010100101010110100
11010010110010010100001110000110
01101010001101010010100101010111
00001100010010010000010001100111
00101000100010100011101100100101
00110010100011111111000101011010
10001001101011100011010010101111
11110100000010100010001101101010
10111011111000110101110001001100
01110100100101110100001101011010
00101010010001011000100000010010
11101000101100111100100011010111
10101110010100100010111000100000
00001101111101101100110100010100
01110100111000010111011101001111
00010011111001111100000101101001
00110100100111110000100011011010
11011111101110111111010000110011
01001111101000011001111000111100
11001000110011010110000000110000
11101010100001111000001010010101
00000010101000100001110001001111
10111100100010000111001011001111
10011100100100001011111111101101
10010101100100100101010011011100
10111010001111001010101011000010
00011001110010111011010011011001
11111111110111000101001001010011
01001111110100000110101101111010
01010000000111001110101111011100
11100110110001000101110110100001
11110010111011100001010010110011
00111001111111100111101000100010
01011101111000111001100010000000
11001110010111010000011010100111
01001110110100011011100010000101
11100010000101000110000101110000
10111001101111011010011110111100
10111101000001000001011010000010
11000111110011110001101001011011
11000000000110010010111111000110
11011000100100011110000000001000
11111001110010011101000010101110
10110110111001110011110000100010
00001010010001010110100111111011
01000111010100000000101100000100
01100000100111001010000011101111
10010000001010000110001000110011
01101111100000010110010110110011
00110000010111000110000011010111
10100000101101111001110000111000
00111001000000010101010010101110
11110110000011101000010110010000
01111001101110110001111100011100
01110011111000100110011010100010
01011110011000100000010001011001
01101001111110011000101110110111
01110110001110010110011101111110
01100110100011101011010111101011
00011100010001101001010100010110
01100111001001110100011010000011
11010100101011010001010000010111
11011110011100000001110010001111
11101000100101010001011001111011
01011101101011000001110110000100
00001101111000110011111101111001
01100000110100100100010001100101
11011000111100111000001010101101
10100000100100000111001111011011
01010001110110000110101110101101
11111111100110110101011010101011
11010101110001111010001001000000
01110011111000101110000111111101
11100000011111111010101101101001
10011011111010011100110001110101
11000110101111010000010101111111
01011000100001011110101000101100
11011100000100110101000010110111
10011000101110111000011001001011
11100011010011101100101100100111
00111011011011001000000011000011
11101110000010100110111010011100
11101100010000111000011111101000
10101111100110111110111111100110
00111110011111001110011001110110
01110011101010110000011100100101
01001111110111111010111010011001
10101110100011001010101011001100
10010100111011001011010100100001
01100000111100001100100011001110
00001100100000011100011100010111
11111100111010000101111011111101
01111101010011000110101010111010
00100001100000101010000001011000
01110010100100010010010011100000
11000011101001011000000101011111
00100111011000001001111011100001
10100010011000001101001100110101
00000000010000011010101110011000
11011000110111111001000010100111
01101000011000010011001111101101
00110011101100100001000011010001
00101010001101100001100100010001
11100010100010110010101100110110
10100101110110101010110001010110
00110011011101111000010111010010
01011001100110111010100001101101
10110010011000111110011010011110
00011011101001110001110101000111
11001100110001000011000110111100
11111011010101000100011011111000
10010111011101001001000100011000
10101001101101001100101011110111
00111110100000000010010011011011
00101011100111101001011010001110
11100000101010001111010100110011
10011110100010101100110101110111
10001100000001001000110101010100
01111000011001010100011010100100
00101010001000011111011101101000
01010000001101101011011101010110
00011100110111011000001000010000
10001011100011011001011000011101
10011011100101110110001100011101
01001111001100100110001011001101
10000101000111010010010011011011
11100111000100001010000010101100
00010000000011101001010111101101
10101110000000101110111000000011
01010000001111011010001001011010
11001111010110100101000111011001
11001001101100000111110101010101
00011010010011010101110100010011
10010110010111100111001001110110
10001001000111111011010101001100
01000011100000111011111001100010
10110011001000100000000111111010
11101100001101011110100100000000
10101110100101100000011011111111
10000000010100001010101010001111
10111000100000000011001000010100
01001000010101010110111101001001
11101110011000110011111000101001
11110001110010111111101101100110
10011111111011011100010100001000
11010111100101001100111110000101
10001111100000010011010001000001
11011000110000010101011001000011
01111000010110000011101001010010
01010100000001001001011110000101
11010000000010011100010100010011
00000000000000011100001011001101
00111100001010000001001011100011
00001110100011001100010110000010
01000101111110110101000000010111
11011010010000111101001011111100
00110001011101011001001010110001
00110000010001010011000001101010
11011001100101110000001001101111
00000000110011111110000101100001
00100000011101000100010010001100
01111011111010011101101110011011
10000100010011000110000110110110
00111001011100001111001001101000
10111001110011000000000111011000
10011010100110111110001001010101
00010101010011000011100101001101
01110010110000000001000000011100
01111011010010110100100111110001
10110001010110101111101111111000
10111010010111000100110100110110
10011110001111111100010001110111
01001101100101010110100010111010
10110001101111010010110101101010
01010010110000110110101101010011
10100001111000011110101000111000
00111111000000011000001000011111
01011111100100011010100110000011
00100011111100011001001110100011
00101110110001111011111100011001
10000110000111000111001001111000
10110010011101011000010011100100
11110100110100011111010110100001
10111110001001010001000110101011
11101010101100001100000011010001
10110011011101100001011100011111
10100000111011000000000101011111
10111000010110010010101000100010
01010010101000100011010110101100
11110111011101110100100110001111
11101000101100101001100110001101
00011111010000011001110001100001
00000000001101101010000111000111
01010100110101011100111010110110
01010011110100010010011010100010
01111001100100100001100111010101
01110100111110010111011101000000
11001010000001011011101101011001
00011101101101000101011011000101
10010010100110011010010010100101
11000100110101111100011010011101
00110000100101110101011011111101
01010111001111100000001110000101
10111011000111011010010111011001
10000100111001001101011100010110
11011111001101001100110001110001
01111110010111000010100000000100
10101000011101110001010001001101
00000001101010010101010010100101
10010000101111110100111010101010
01101111101001011011001110100001
10111100000100011100101100010111
11010001100110101100011001101011
01110000001001000001111010000111
01111111000110110100000001010100
11111001010010000000100000101111
01101001100010100001011100010010
11011101010000010000000101001101
11100100000010100010011011011010
10000111111110100000110010100000
10000000001001001000001110101000
10000101010000001010111110001001
00111011100100001000111000000001
11000001011011111010010100100010
01000011111011000110011001111000
11010101111110000100101101001110
10101110000100001010100010111100
00001010011110010011011101010100
11000011000011100000101010111100
10000100000011010100110011111111
01011000111000110001110001011000
11000100110001100111001010011011
11111100010010011111001000011000
11101001001110001001101000010011
00111000110001110000000101111101
00011101101101001111000101011010
01001110111101101110110000001110
11100010000010010010111110111001
01000011001000010100001000011101
00011000001111100100011011111110
11000000111000100110011000110100
00100000001010011001010001010000
11111000000011100111101100101011
01010000010000100101010010010000
01001100101100010100110101111101
00100100011100111101101101101001
11100111010111010011011001101000
11011000010001111111101110101111
01001100000000010000001010101100
01010010111100100101001001000011
01000101000101111001001101110000
00110110001110011101001001001011
10100000100010010110010001100010
01011110000101111011111111100011
01101101101000011011011111111100
00101000111010111011100110001101
01010111010011101111010010111100
00110111111110100011101100010010
00111101000001111010111000001111
01000111010010110000011000111010
01111110000111000110010111000001
01001110100010110001111011110010
00111011000011110011110110011011
10101001011111100010100110000010
10011001010010101011100111111101
10100000111000111001010001011100
01111010010010110011001110111010
10100111111001010111101110100100
10001110100100100110011100011001
10010011110000111111010000000110
00110000111011111010010110011010
11010101011101100100110011101001
00110100100000110101100111010000
11010010001001001101000100101100
01011101000001011011111001101001
11010101010010000111010000011011
10111001011000101011001000011011
01110010010000000010110000010000
01001001110001111111111100110101
10000000111011110010011001001111
01100010111110011010110000101001
10100001001101110010001011001011
00111101110010100010110100100101
01100010010111111001001100101001
00111100110011111010010001000011
10001011111011001010000011010010
00011000110000101111010001000011
10000101111101001101101101000010
10000100101010111011011010010010
11110011100111010100100110001100
11101000000110001111001010010000
00011110110001111010111001011010
01010100011110001100111111101000
00001100000010100010000111010000
10010110111000101001110100111100
01110101001110001111111000010100
01101100011100111010101011110100
01100000110100011010010011001011
01110011111011011011110111110001
00111010000110100000000001110100
00011010000010101010000111111111
11001111001011111100110000011010
01111010110011100000000111101010
11110011010101110001010111011000
01000001101000011001111010111111
11100111101111011001100001110111
00110011001011101101111011000011
01100111100111111011101001101000
00110100011100000111111001111100
10001100011110111100110101110010
00111111001000010100111111101111
00001111110100000010100111111110
10110000100010111111001101100010
01010010110110111100000011011100
10101101011100111101010011001010
10010101001101001000011011001010
11111100101101110111100011011110
01001011010000101010010001001110
10001010010100001101011001001001
11000000010011001101011011010111
01111001001110100010001011101100
11001101010101010010001001110000
01011111000010011110010011000100
01010011110111100011101011011010
10101111001001100001010010010010
00111010010000011000001100100100
00011001001000000001111001111110
00110110000101010101110010111110
01010111010101011000111101100000
01001011001001110001010111010000
11011010000010111100101111101001
01111001011101110111010100110111
00100011100111101001110011001010
01111000010101101001110011000011
01110111101101000111111101100101
10111111010101000010011111011100
01101001010100000110101100010110
00111011001100011000111101001100
11010011001101011001011010101010
10101100100110100101001111001100
01001101010001001011100000101010
01000100101001000101111011001100
11110000011111100011111101011111
11011101111010011011011100000011
01001100101110010000101101001110
10101111101111011010011010000100
11010111111011101000011100111100
01011011001100010000101010000111
01011011011000010011101100001101
10011101111010001010011011010011
01001000000101100111001111001110
11011100001011011101101101101001
10111010101101110011100001101010
11110101111001110101011111001100
10100000111011100100011101011010
00011010001010100000101111100101
00100000110010110110100110101101
01011000010100100111100001001010
11010011110010100011010010100111
00010011111110101110010010011011
10101110101001011111011110011000
11001111010011000110011010101111
00000110011110110001100111101011
00000101100001011111010000001011
10010000011110101101000000100100
11000101000101011101111011010011
00010011001001011111101001001001
00111101110110110110000010111001
00110000100011110100010011011101
11101100011101011011010110101001
11100110001010001001111111101000
10010010010001110100101110111101
00100101001010111111011010001110
00101110101100011001001001000110
10100111100100000001111111100101
00101001111110001010110110100110
00010000101000011101101001011101
10011111000111000101011110101010
11110111100100111000010011111111
11101110111110010010000101111011
11010000011111010001000101000100
00010111100111001100001000111101
10011110011110010011111011010110
11010100001111110001101000101001
01001001000100001010010101100010
00000010000011010001100000101110
01101000000011011101110001001000
01101001111001000001010001001011
00111110110010100110100101101010
10110110110110011101111011010000
00101011110001110111001001010110
00011110001001001011100011001010
01011000011100101001101011010011
11001011100110111101010000111100
00010101111001011000111100010010
01010011110001100001011101101110
10011000101000000101110011111110
00011011110010000110011000100111
01101001101101001100111011001000
10100001111100110011000010111001
11100100011011001010110101101110
11001000010001010010010000000000
01110110111101100100000110110000
01000001010010100000111110111101
01110100001110001010101010110100
10110110111111100011110011111000
10011111001001010101100001000001
10000000010010101100001000101110
01011011000111010111000010010011
11111010101100001100110011111001
10001011000001000100101000100010
11111111000001110010111101000001
11100111101011011101000010010110
01010011011000111101101100111110
00101100110100000010111001001101
00100110000001100001101011011010
10011010010000111001011011010100
11000101001010111101010101001110
11110000011111001001100010000011
10010000011010010101110110001101
11010110101110001001001111001101
01000000011100000110010001101110
10000110111101111010011000000100
01001010110110101101011010110110
10111000000101101111000001111111
11101000111001111100000011010001
01101110101101110000101010111111
11000001000110111100100111000000
11101111011110111111100100101101
00100110100000001000110100011001
00111011001001001001100110101011
10000100010110000101001010000000
01101100011000001101001011101011
01100100010100000110110110101010
01110100101111110101011010100100
10011111110111011111110001011010
00111011011100011000100010101100
10001011010001000110001100100101
00001110110000010100010110001000
00111110000011010100001011000010
11010010100100110100110110100110
11000100101110011111101010110111
01111001100101001100000001101111
10101100100111000101111001001111
01100110011100101111100001101000
00111110111110101011110010100000
10101100101101001000101101010100
11010111110001001000010111100100
01000011011010101010100100110010
00010000011001010110011110100100
00101111000111101100010110010000
00011101010110110101100101001001
01011011001011101111111000111011
11111001011001000011110010110000
01100100000011000001101001011011
01010010000111101110101001001100
10101000100110110010001101010110
10001010000000111101011111111111
10100110001111000111110110010100
00100011011101001111101000000010
01000101011010010001001100100011
01010111010001011111010011011111
00101010001001010101111010110111
01000111000000000001001001111011
10111011010111000010111000001001
11100110011110010100100010111010
01000111100100111001111111011001
00101011110000111000100100000010
10010011111100111001000100111000
01101010000001011000110011011110
11111111001000110011101100101101
10100101101101011111000010001101
00101001011010110100101001010100
10011010001000111010100101001111
11001010000111101011110111010010
01000111001001011110001010011000
11111000010001010001100100011000
00101111010110010101100110011110
01000010101000011010010001010011
01111010010101011000000011101110
10111010101001001110100000110000
10011000110111001001110101001101
00010111010101100110101001010011
00100000010101000010110111111011
01100010110111001001101000100001
11100001011111110000010011100001
01110011011100111010111100000111
01011101111001010010111100000001
00000101101110011000001110000010
11011010000011110100000000111110
11000111000000110110011000100010
10110010011100010110001100111010
10010010110111110111111001011100
11100110110011101111101010011111
01101111011010100101010010000000
01000001101100001100010101001110
11100011000011111011110001001001
11001010011010111011000110000011
01010011001000001000011110100011
10110000111011101000011000010110
10011000001010100001000100001111
10110011001001000011101011000000
00001011000101100000000101101111
10000000001100001011001010110001
10101111001001100100010111111100
11111001001101110110110010001011
01100110111001011001110010010101
00010010001100001110100010001000
00101110100011100011000110101111
01110010001010000011100010001110
10001011011000010001010111001101
10101111011111101110111001011000
11001110001110011001001010000011
10100100101001100010100011111000
01100010011110110010000110011101
11011010110010001011110100011110
10101110110011101001100110000111
00010101100010101110110110001101
11010000111100110001101101011100
11010010010111000111110110101001
00100111011011110110001010000000
11001111011001010010000100011100
10110011010100110010001011111111
11010110111010000011110010111010
01111110111110111001010001010011
00001101001100000011110010110001
01101111011111010010011100101000
11100110000101010100000100011100
11010011001011001100100010010010
10001011100011110111111010010111
11100001100111011011000001011101
10110000110001000010110110111111
11100011110100100011010000111110
11101000001011011001001010011111
10111111001001011100100100010111
10010100000001100001111001110000
11110001000000000001110111011110
01100101110100110100011000011111
11101010001001010001101000111111
10010111110100111001010111001110
11011100110100110110101000001111
11100110111000111010010111111101
01110110100100010011010111101001
01100011111111111001111111110101
10001011101001110111010100111011
01110111010100111011110001011000
10110010110101100011100011011010
10110001101010111101101010111110
01110001110110010111001000011111
10000100110111001000000100001111
11001111111110101000100000111000
11100000100010101110111100001001
11010100100100111000110000010011
11100001101000010110100011101010
11001101111110101001100010110010
00101011000110011010110101110110
00011110000100001000010101001100
10111110110111011111111111000101
00000001001100111101110011001110
01011101000111100100000111010001
00110010100101010101001101000000
00110111101110011101111111000100
10000000100100000111110111001100
11000011010111010100111110111111
00110101010011010010000011111010
00010100100110001011001100111111
11011111100001111110111011010100
00001001001100011101000110001110
11000101110001011010001000111000
00000000010000110001100110000101
01110011110111101011100011101011
11000110100101110001111001101011
11010110000001111001001100100000
10111010001111100111001001110110
11010010110101010100110101111101
11111011100111111001000101011011
11111101110100000100100001111001
10000011101011010100011111001111
00111010100001110011100101100010
01110110101011000101101100000001
00100101101110000110101001000011
00110101010001010101110110111011
01011100100101001111011110110000
10011001010011011000000000011110
10100001000011110011111010100111
00101001100101101110010101011101
